10 10
5253 7878 8809 5697 2654 8691 4218 833 8563
4815 1701 4224 4565 8050 1458 1034 6544 20
5234 4610 1549 515 6240 9255 5488 9763 7956
3122 5680 2460 5176 641 1347 1476 3149 5965
4798 3979 1168 5118 6465 6908 3047 4483 8496
9028 9033 3517 3661 1016 4907 5220 3446 3607
1571 6087 8850 7383 7538 3367 5854 3879 4918
7676 1296 3774 7910 2543 1057 5282 4018 8216
2692 6317 8143 2756 1797 2993 7146 7072 2390
6878 9753 1863 5821 4395 1315 4307 3712 1441
1358 9021 2900 2471 5426 149 9455 6223 5176 8614
2264 9243 5138 5888 2376 1625 3432 2987 9536 3726
8101 805 8122 4439 1863 5274 5401 4941 9489 6264
293 8679 9090 5316 9731 7746 4105 6696 5794 487
7589 744 3945 7573 3170 8891 7651 1508 1466 5486
2137 6537 481 8575 6779 7698 5547 4657 4277 2425
9626 5279 6490 5110 2564 8334 2438 859 3476 1328
522 1614 3848 7409 3358 9427 9537 8376 1607 520
5306 4589 8976 7656 4437 5419 234 8166 7219 5327
